1731604371.800067,1
1731604371.905436,0
1731604372.010628,0
1731604372.116103,0
1731604372.222399,0
1731604372.331683,1
1731604372.441446,0
1731604372.547596,0
1731604372.658026,0
1731604372.764431,0
1731604372.876539,0
1731604372.983424,0
1731604373.094613,0
1731604373.202888,0
1731604373.339772,2
1731604373.448187,0
1731604373.557715,0
1731604373.665116,0
1731604373.805175,0
1731604373.917039,0
1731604374.028116,0
1731604374.134767,0
1731604374.272237,0
1731604374.381549,0
1731604374.489457,0
1731604374.621091,0
1731604374.731448,0
1731604374.842722,0
1731604374.955741,0
1731604375.065898,0
1731604375.175111,0
1731604375.284701,0
1731604375.396442,0
1731604375.525923,0
1731604375.638884,0
1731604375.754011,0
1731604375.863283,3
1731604375.969781,0
1731604376.090271,0
1731604376.199039,0
1731604376.305210,0
1731604376.417596,0
1731604376.528527,0
1731604376.640035,0
1731604376.746527,0
1731604376.856355,0
1731604376.963806,0
1731604377.075618,0
1731604377.182684,0
1731604377.318524,0
1731604377.428286,0
1731604377.538746,0
1731604377.651034,0
1731604377.757856,0
1731604377.864159,0
1731604377.968939,0
1731604378.075700,0
1731604378.182157,0
1731604378.310505,0
1731604378.418698,0
1731604378.527743,0
1731604378.636214,0
1731604378.763264,0
1731604378.869821,0
1731604378.978234,3
1731604379.089972,0
1731604379.230171,0
1731604379.339643,0
1731604379.450489,0
1731604379.560954,0
1731604379.668406,0
1731604379.794685,0
1731604379.903798,0
1731604380.027139,0
1731604380.134532,0
1731604380.242108,0
1731604380.354949,0
1731604380.462779,0
1731604380.569187,0
1731604380.682040,0
1731604380.796879,0
1731604380.902875,0
1731604381.010432,0
1731604381.119402,0
1731604381.225591,0
1731604381.337913,0
1731604381.448809,0
1731604381.597492,0
1731604381.703908,0
1731604381.809207,0
1731604381.920312,0
1731604382.030666,0
1731604382.179873,0
1731604382.286467,0
1731604382.393935,0
1731604382.500324,0
1731604382.641628,0
1731604382.747189,0
1731604382.852670,0
1731604382.962635,0
1731604383.086964,0
1731604383.196634,0
1731604383.307154,0
1731604383.414487,0
1731604383.566869,0
1731604383.673654,0
1731604383.782444,0
1731604383.890651,0
1731604383.996502,0
1731604384.104884,0
1731604384.214563,0
1731604384.350377,0
1731604384.459116,0
1731604384.566122,0
1731604384.676624,0
1731604384.787732,0
1731604384.898386,0
1731604385.005400,0
1731604385.117326,0
1731604385.228592,1
1731604385.340036,0
1731604385.447265,0
1731604385.559545,0
1731604385.671061,0
1731604385.780660,0
1731604385.891075,0
1731604386.001823,0
1731604386.111971,0
1731604386.222871,0
1731604386.333172,0
1731604386.442620,0
1731604386.549600,0
1731604386.655844,0
1731604386.763422,0
1731604386.874333,0
1731604386.985596,0
1731604387.094926,0
1731604387.203876,0
1731604387.316546,0
1731604387.426868,0
1731604387.538054,0
1731604387.644858,0
1731604387.751567,0
1731604387.858209,0
1731604387.971755,0
1731604388.078345,0
1731604388.190783,0
1731604388.296311,6
1731604388.402773,0
1731604388.542495,0
1731604388.650342,0
1731604388.757906,0
1731604388.865499,0
1731604388.974441,0
1731604389.084204,0
1731604389.194854,0
1731604389.301977,0
1731604389.411293,0
1731604389.519328,0
1731604389.626628,0
1731604389.736723,0
1731604389.846644,0
1731604389.956807,0
1731604390.067079,0
1731604390.177628,0
1731604390.285701,0
1731604390.392542,0
1731604390.499122,0
1731604390.607060,0
1731604390.720534,0
1731604390.830612,0
1731604390.963598,0
1731604391.072474,0
1731604391.181896,0
1731604391.291136,0
1731604391.397563,0
1731604391.505291,0
1731604391.614166,0
1731604391.724080,0
1731604391.830360,0
1731604391.939195,0
1731604392.046918,0
1731604392.155109,0
1731604392.261400,0
1731604392.371185,0
1731604392.482026,0
1731604392.655927,0
1731604392.767260,0
1731604392.877492,0
1731604392.985851,0
1731604393.094847,0
1731604393.202661,0
1731604393.310409,0
1731604393.417175,0
1731604393.525744,0
1731604393.631964,0
1731604393.737805,0
1731604393.843309,0
1731604393.948683,0
1731604394.054452,0
1731604394.159962,0
1731604394.268543,0
1731604394.380323,0
1731604394.490198,0
1731604394.601831,0
1731604394.710893,0
1731604394.820385,0
1731604394.930643,0
1731604395.060941,0
1731604395.169271,0
1731604395.280421,0
1731604395.427533,0
1731604395.535357,0
1731604395.647654,0
1731604395.755697,0
1731604395.863095,0
1731604395.975671,0
1731604396.088746,0
1731604396.206069,0
1731604396.319299,0
1731604396.427962,0
1731604396.534367,0
1731604396.640520,0
1731604396.777052,0
1731604396.887417,0
1731604396.999739,0
1731604397.112527,0
1731604397.222267,0
1731604397.338896,0
1731604397.451026,0
1731604397.562248,0
1731604397.698945,0
1731604397.809977,0
1731604397.921420,0
1731604398.033135,0
1731604398.140138,0
1731604398.246339,0
1731604398.354681,0
1731604398.465332,0
1731604398.575273,0
1731604398.686029,0
1731604398.797681,0
1731604398.907632,0
1731604399.018424,0
1731604399.128259,0
1731604399.239899,0
1731604399.351214,0
1731604399.471084,0
1731604399.587756,0
1731604399.697795,0
1731604399.810055,0
1731604399.964681,0
1731604400.073864,0
1731604400.193713,0
1731604400.305760,0
1731604400.413115,0
1731604400.520053,0
1731604400.629553,0
1731604400.740065,0
1731604400.850018,0
1731604400.960322,0
1731604401.070525,0
1731604401.177973,0
1731604401.285023,0
1731604401.393397,0
1731604401.507329,0
1731604401.613591,0
1731604401.719997,0
1731604401.827118,0
1731604401.933609,0
1731604402.189816,0
1731604402.301597,0
1731604402.409384,0
1731604402.520474,0
1731604402.632804,0
1731604402.743398,0
1731604402.854690,0
1731604402.966549,0
1731604403.073650,0
1731604403.182735,0
1731604403.292091,0
1731604403.428288,0
1731604403.537223,0
1731604403.650138,0
1731604403.756950,0
1731604403.864342,10
1731604403.976294,0
1731604404.088377,0
1731604404.198171,0
1731604404.308989,0
1731604404.419254,0
1731604404.530611,0
1731604404.647034,0
1731604404.753919,0
1731604404.861864,0
1731604404.969750,0
1731604405.079761,0
1731604405.191320,0
1731604405.303856,0
1731604405.413838,0
1731604405.553265,0
1731604405.660973,0
1731604405.771117,0
1731604405.878753,0
1731604406.027416,0
1731604406.136823,0
1731604406.246467,0
1731604406.356694,0
1731604406.489677,0
1731604406.599314,0
1731604406.709744,0
1731604406.821351,0
1731604406.946860,0
1731604407.055836,1
1731604407.254380,0
1731604407.371671,0
1731604407.483580,0
1731604407.628233,0
1731604407.736858,0
1731604407.844784,0
1731604407.954226,0
1731604408.064770,0
1731604408.181341,0
1731604408.290267,0
1731604408.401138,0
1731604408.507968,0
1731604408.644719,0
1731604408.758099,0
1731604408.866652,0
1731604408.977941,0
1731604409.087542,0
1731604409.197793,0
1731604409.318196,0
1731604409.428546,0
1731604409.540390,0
1731604409.651569,0
1731604409.761100,0
1731604409.903114,0
1731604410.020054,0
1731604410.133661,1
1731604410.249154,0
1731604410.365122,0
1731604410.473381,0
1731604410.580035,0
1731604410.686747,0
1731604410.836297,0
1731604410.942293,0
1731604411.047718,0
1731604411.154283,0
1731604411.260445,0
1731604411.389054,0
1731604411.495331,0
1731604411.602648,0
1731604411.746839,0
1731604411.858407,0
1731604411.968692,0
1731604412.077877,0
1731604412.189760,0
1731604412.301295,0
1731604412.411588,0
1731604412.542907,0
1731604412.651045,0
1731604412.762617,0
1731604412.873735,0
1731604413.018696,0
1731604413.127525,0
1731604413.233131,3
1731604413.368079,0
1731604413.477283,0
1731604413.589076,0
1731604413.699729,0
1731604413.811146,0
1731604413.920623,0
1731604414.031508,0
1731604414.139612,0
1731604414.246314,0
1731604414.354475,0
1731604414.464580,0
1731604414.574888,0
1731604414.685380,0
1731604414.813264,0
1731604414.924407,0
1731604415.036708,0
1731604415.148364,0
1731604415.257949,0
1731604415.367794,0
1731604415.478166,0
1731604415.603114,0
1731604415.722754,0
1731604415.832376,0
1731604415.970633,0
1731604416.079272,0
1731604416.185507,0
1731604416.290816,0
1731604416.396778,1
1731604416.502915,0
1731604416.609202,0
1731604416.717212,0
1731604416.845324,0
1731604416.957275,0
1731604417.069319,0
1731604417.175805,0
1731604417.288721,0
1731604417.399343,0
1731604417.510843,0
1731604417.620565,0
1731604417.730795,0
1731604417.841915,0
1731604417.952633,0
1731604418.062333,0
1731604418.171365,0
1731604418.288582,0
1731604418.475073,0
1731604418.582021,0
1731604418.687710,0
1731604418.794589,0
1731604418.901492,0
1731604419.006184,0
1731604419.115073,0
1731604419.230708,0
1731604419.342414,0
1731604419.456795,3
1731604419.568745,0
1731604419.676809,0
1731604419.782872,0
1731604419.890867,0
1731604419.998442,0
1731604420.109931,0
1731604420.216725,0
1731604420.324507,0
1731604420.433404,0
1731604420.539567,0
1731604420.646166,0
1731604420.754005,0
1731604420.861157,0
1731604420.967577,0
1731604421.073728,0
1731604421.180320,0
1731604421.289129,0
1731604421.395281,0
1731604421.501224,0
1731604421.607999,0
1731604421.716399,0
1731604421.828869,0
1731604421.937902,0
1731604422.045169,0
1731604422.154949,0
1731604422.287385,0
1731604422.393307,0
1731604422.508829,0
1731604422.615299,0
1731604422.720754,0
1731604422.827368,0
1731604422.932768,0
1731604423.038830,0
1731604423.145140,0
1731604423.250945,0
1731604423.357185,0
1731604423.462667,0
1731604423.568705,0
1731604423.674866,0
1731604423.780276,0
1731604423.886142,0
1731604423.992361,0
1731604424.098447,0
1731604424.204464,0
1731604424.310272,0
1731604424.417603,0
1731604424.523644,0
1731604424.629786,0
1731604424.736209,0
1731604424.842902,0
1731604424.949589,0
1731604425.056574,0
1731604425.163756,0
1731604425.270204,0
1731604425.376607,0
1731604425.483734,0
1731604425.589638,0
1731604425.696375,2
1731604425.803315,0
1731604425.908905,0
1731604426.018300,0
1731604426.124399,0
1731604426.229806,0
1731604426.336855,0
1731604426.444292,0
1731604426.552752,0
1731604426.658830,0
1731604426.764811,0
1731604426.870306,0
1731604426.979880,0
1731604427.085905,0
1731604427.192255,0
1731604427.302045,0
1731604427.407973,0
1731604427.514477,0
1731604427.620256,0
1731604427.726545,0
1731604427.832108,0
1731604427.938700,0
1731604428.044578,0
1731604428.155057,0
1731604428.260692,0
1731604428.366635,0
1731604428.472212,0
1731604428.578179,0
1731604428.684274,0
1731604428.790803,3
1731604428.896746,0
1731604429.002234,0
1731604429.108455,0
1731604429.213927,0
1731604429.333356,0
1731604429.453256,0
1731604429.566803,0
1731604429.677860,0
1731604429.803917,0
1731604429.909660,0
1731604430.015564,0
1731604430.124136,0
1731604430.232210,0
1731604430.338601,0
1731604430.445006,0
1731604430.557558,0
1731604430.663834,0
1731604430.774259,0
1731604430.879831,0
1731604430.986638,0
1731604431.093535,0
1731604431.210209,0
1731604431.318461,0
1731604431.430407,0
1731604431.571956,0
1731604431.678983,0
1731604431.789947,0
1731604431.896475,0
1731604432.004390,0
1731604432.110358,0
1731604432.215738,0
1731604432.324077,0
1731604432.430133,0
1731604432.537420,0
1731604432.647629,0
1731604432.753458,0
1731604432.859894,0
1731604432.967833,0
1731604433.080378,0
1731604433.186330,0
1731604433.291279,0
1731604433.397041,0
1731604433.502264,0
1731604433.607777,0
1731604433.713345,0
1731604433.819318,0
1731604433.926431,0
1731604434.060078,0
1731604434.165801,0
1731604434.278191,0
1731604434.390754,0
1731604434.497089,0
1731604434.608112,0
1731604434.714112,0
1731604434.821099,0
1731604434.926513,0
1731604435.032902,4
1731604435.140548,0
1731604435.246616,0
1731604435.352099,0
1731604435.459987,0
1731604435.567507,0
1731604435.681075,0
1731604435.815058,0
1731604435.924084,0
1731604436.030238,0
1731604436.139141,0
1731604436.248038,0
1731604436.382692,0
1731604436.491154,0
1731604436.600602,0
1731604436.707819,0
1731604436.814097,0
1731604436.920937,0
1731604437.026195,0
1731604437.133427,0
1731604437.239857,0
1731604437.345058,0
1731604437.450528,0
1731604437.556480,0
1731604437.662479,0
1731604437.768731,0
1731604437.875822,0
1731604437.982040,0
1731604438.090915,0
1731604438.202745,0
1731604438.308896,0
1731604438.415269,0
1731604438.522889,0
1731604438.633258,0
1731604438.740897,0
1731604438.847412,0
1731604438.957435,0
1731604439.066847,0
1731604439.194305,0
1731604439.300518,0
1731604439.407008,0
1731604439.512974,0
1731604439.622439,0
1731604439.729968,0
1731604439.839094,0
1731604439.946858,0
1731604440.052750,0
1731604440.158810,0
1731604440.264811,0
1731604440.373150,0
1731604440.479847,0
1731604440.585515,0
1731604440.691615,0
1731604440.859782,0
1731604440.984976,0
1731604441.090664,0
1731604441.205474,0
1731604441.314468,0
1731604441.421243,0
1731604441.532076,0
1731604441.642780,0
1731604441.751286,0
1731604441.858129,0
1731604441.966930,0
1731604442.073618,0
1731604442.182185,0
1731604442.289908,0
1731604442.399263,0
1731604442.507166,0
1731604442.615828,0
1731604442.723680,0
1731604442.832225,0
1731604442.937383,0
1731604443.045458,0
1731604443.153614,0
1731604443.258989,0
1731604443.365098,0
1731604443.474178,0
1731604443.580430,0
1731604443.688124,0
1731604443.796756,0
1731604443.903171,0
1731604444.010634,0
1731604444.117732,0
1731604444.226257,0
1731604444.332235,1
1731604444.438095,0
1731604444.546786,0
1731604444.665104,0
1731604444.770213,0
1731604444.876445,0
1731604444.982496,0
1731604445.091465,0
1731604445.201097,0
1731604445.311183,0
1731604445.422301,0
1731604445.532393,0
1731604445.643157,0
1731604445.750187,0
1731604445.856999,0
1731604445.963277,0
1731604446.069044,0
1731604446.175003,0
1731604446.280370,0
1731604446.397718,0
1731604446.502977,0
1731604446.608755,0
1731604446.715762,0
1731604446.822657,0
1731604446.928994,0
1731604447.038697,0
1731604447.146743,0
1731604447.255948,0
1731604447.366612,0
1731604447.473226,4
1731604447.578935,0
1731604447.686899,0
1731604447.794123,0
1731604447.907677,0
1731604448.018411,0
1731604448.128897,0
1731604448.239276,0
1731604448.347210,0
1731604448.453243,0
1731604448.561559,0
1731604448.672486,0
1731604448.781004,0
1731604448.890883,0
1731604449.002733,0
1731604449.112059,0
1731604449.218723,0
1731604449.326685,0
1731604449.433845,0
1731604449.562074,0
1731604449.673266,0
1731604449.784414,0
1731604449.895658,0
1731604450.002382,0
1731604450.127176,0
1731604450.236009,0
1731604450.343039,0
1731604450.449497,0
1731604450.575469,1
1731604450.681288,0
1731604450.789676,0
1731604450.899821,0
1731604451.010300,0
1731604451.119832,0
1731604451.229326,0
1731604451.339734,0
1731604451.452162,0
1731604451.561536,0
1731604451.672720,0
1731604451.828122,0
1731604451.938045,0
1731604452.048174,0
1731604452.154618,0
1731604452.260499,0
1731604452.366023,0
1731604452.473916,0
1731604452.585198,0
1731604452.696567,0
1731604452.806136,0
1731604452.917279,0
1731604453.025360,0
1731604453.136461,0
1731604453.245607,0
1731604453.352919,0
1731604453.460782,0
1731604453.568150,0
1731604453.675850,0
1731604453.783075,0
1731604453.889680,0
1731604454.007657,0
1731604454.118788,0
1731604454.225549,0
1731604454.331203,0
1731604454.443637,0
1731604454.552892,0
1731604454.663490,0
1731604454.771732,0
1731604454.879841,0
1731604454.985619,0
1731604455.095545,0
1731604455.202121,0
1731604455.314719,0
1731604455.427842,0
1731604455.533379,0
1731604455.641134,0
1731604455.748418,0
1731604455.866536,0
1731604455.980144,0
1731604456.092101,0
1731604456.202787,0
1731604456.339454,0
1731604456.450748,0
1731604456.561378,0
1731604456.670507,0
1731604456.789681,0
1731604456.898107,0
1731604457.004135,0
1731604457.122626,0
1731604457.229656,0
1731604457.342173,0
1731604457.453325,0
1731604457.564182,0
1731604457.670175,0
1731604457.776819,0
1731604457.884086,0
1731604457.995803,0
1731604458.107000,0
1731604458.218125,0
1731604458.328792,0
1731604458.439949,0
1731604458.551955,0
1731604458.661069,0
1731604458.772741,0
1731604458.882633,0
1731604458.992028,0
1731604459.104237,0
1731604459.216325,0
1731604459.326243,0
1731604459.432293,0
1731604459.537551,0
1731604459.643853,0
1731604459.749594,0
1731604459.872790,0
1731604459.979384,0
1731604460.085515,0
1731604460.190174,0
1731604460.295633,0
1731604460.405551,0
1731604460.516798,0
1731604460.659717,0
1731604460.768292,0
1731604460.875757,0
1731604460.988169,0
1731604461.097227,0
1731604461.209627,0
1731604461.319708,0
1731604461.429625,0
1731604461.539065,0
1731604461.649471,0
1731604461.760043,0
1731604461.871416,0
1731604461.978856,0
1731604462.090741,0
1731604462.203312,0
1731604462.313728,0
1731604462.424698,0
1731604462.534715,0
1731604462.646578,0
1731604462.753661,0
1731604462.862022,0
1731604462.971197,0
1731604463.079136,0
1731604463.186812,0
1731604463.292480,0
1731604463.399719,0
1731604463.508861,0
1731604463.619002,0
1731604463.748366,0
1731604463.855951,0
1731604463.965234,0
1731604464.073673,0
1731604464.185740,0
1731604464.296488,0
1731604464.408061,0
1731604464.519048,0
1731604464.633038,0
1731604464.747030,0
1731604464.857725,0
1731604464.968828,0
1731604465.079584,0
1731604465.190704,0
1731604465.298382,0
1731604465.409334,0
1731604465.523157,0
1731604465.632951,0
1731604465.743068,0
1731604465.853450,0
1731604465.963959,0
1731604466.074171,0
1731604466.183781,1
1731604466.294718,0
1731604466.407812,0
1731604466.515666,0
1731604466.626266,0
1731604466.736381,0
1731604466.846512,0
1731604466.957924,0
1731604467.067627,0
1731604467.178624,0
1731604467.289683,0
1731604467.399668,0
1731604467.510837,0
1731604467.620225,0
1731604467.730528,0
1731604467.837880,0
1731604467.948407,0
1731604468.056032,0
1731604468.162364,0
1731604468.268972,0
1731604468.375655,0
1731604468.482175,0
1731604468.588852,0
1731604468.700180,0
1731604468.809393,0
1731604468.915278,0
1731604469.045320,0
1731604469.152349,0
1731604469.258313,3
1731604469.369746,0
1731604469.481245,0
1731604469.600075,0
1731604469.712915,0
1731604469.823201,0
1731604469.930540,0
1731604470.042784,0
1731604470.150600,0
1731604470.258707,0
1731604470.371109,0
1731604470.485537,0
1731604470.597032,0
1731604470.744617,0
1731604470.851606,0
1731604470.965897,0
1731604471.073014,0
1731604471.183434,0
1731604471.293036,0
1731604471.403945,0
1731604471.512150,0
1731604471.624803,0
1731604471.733003,0
1731604471.843903,0
1731604471.955280,0
1731604472.065427,0
1731604472.172322,0
1731604472.279065,0
1731604472.388608,2
1731604472.498626,0
1731604472.642355,0
1731604472.749516,0
1731604472.859899,0
1731604472.970376,0
1731604473.079936,0
1731604473.191670,0
1731604473.310614,0
1731604473.421415,0
1731604473.532980,0
1731604473.640918,0
1731604473.752338,0
1731604473.863527,0
1731604473.973924,0
1731604474.085538,0
1731604474.197615,0
1731604474.306757,0
1731604474.416821,0
1731604474.527097,0
1731604474.636358,0
1731604474.744427,0
1731604474.851222,0
1731604474.957931,0
1731604475.123410,0
1731604475.234430,0
1731604475.345891,0
1731604475.454624,0
1731604475.565052,0
1731604475.672473,0
1731604475.780346,0
1731604475.889795,0
1731604475.996255,0
1731604476.103467,0
1731604476.212895,0
1731604476.322543,0
1731604476.432444,0
1731604476.543636,0
1731604476.653767,0
1731604476.760735,0
1731604476.871520,0
1731604476.983995,0
1731604477.094873,0
1731604477.201495,0
1731604477.308787,0
1731604477.417358,0
1731604477.527261,0
1731604477.639272,0
1731604477.745954,0
1731604477.853744,0
1731604477.961108,0
1731604478.070279,0
1731604478.176678,0
1731604478.308252,0
1731604478.420078,0
1731604478.541843,0
1731604478.647989,0
1731604478.756799,0
1731604478.863524,0
1731604478.972876,0
1731604479.103474,0
1731604479.213601,0
1731604479.321519,0
1731604479.433867,0
1731604479.544529,0
1731604479.651452,0
1731604479.758808,0
1731604479.867360,0
1731604479.978195,0
1731604480.150093,0
1731604480.258760,0
1731604480.364952,0
1731604480.471952,0
1731604480.580663,0
1731604480.687314,0
1731604480.794626,0
1731604480.902759,0
1731604481.010517,0
1731604481.116305,0
1731604481.224015,0
1731604481.333155,0
1731604481.440389,0
1731604481.549620,0
1731604481.655577,0
1731604481.761771,0
1731604481.868417,0
1731604481.974014,0
1731604482.080449,0
1731604482.190330,0
1731604482.316907,0
1731604482.424896,0
1731604482.533877,0
1731604482.640871,0
1731604482.752766,0
1731604482.863922,0
1731604482.973955,0
1731604483.085043,0
1731604483.227903,0
1731604483.342032,0
1731604483.448778,0
1731604483.578450,0
1731604483.690721,0
1731604483.798448,0
1731604483.906037,0
1731604484.017696,0
1731604484.129346,0
1731604484.241069,0
1731604484.349550,0
1731604484.467760,0
1731604484.581775,0
1731604484.696878,0
1731604484.825496,3
1731604484.933283,0
1731604485.041061,0
1731604485.147543,0
1731604485.270897,0
1731604485.380312,0
1731604485.492146,0
1731604485.600496,0
1731604485.707522,0
1731604485.819734,0
1731604485.930416,0
1731604486.041152,0
1731604486.151493,0
1731604486.263276,0
1731604486.372379,0
1731604486.483069,0
1731604486.592516,0
1731604486.703396,0
1731604486.815205,0
1731604486.925366,0
1731604487.032590,0
1731604487.140183,0
1731604487.248806,0
1731604487.358093,0
1731604487.467588,0
1731604487.578569,0
1731604487.688189,0
1731604487.799139,0
1731604487.907404,0
1731604488.017033,0
1731604488.129431,0
1731604488.238494,0
1731604488.352934,0
1731604488.461879,0
1731604488.570246,0
1731604488.677424,0
1731604488.786686,0
1731604488.894684,0
1731604489.003722,0
1731604489.113299,0
1731604489.224112,0
1731604489.333356,0
1731604489.443362,0
1731604489.551849,0
1731604489.659152,0
1731604489.766982,0
1731604489.875632,0
1731604489.985378,0
1731604490.095466,0
1731604490.206061,0
1731604490.314426,0
1731604490.425872,0
1731604490.536155,0
1731604490.644613,0
1731604490.752241,0
1731604490.859740,0
1731604490.969276,0
1731604491.078862,0
1731604491.186272,0
1731604491.292328,0
1731604491.400062,0
1731604491.507453,0
1731604491.620262,0
1731604491.726361,0
1731604491.833285,0
1731604491.938887,0
1731604492.046678,0
1731604492.157155,0
1731604492.267986,0
1731604492.374391,0
1731604492.483394,0
1731604492.589889,0
1731604492.699822,0
1731604492.810271,0
1731604492.917664,0
1731604493.024058,0
1731604493.130799,0
1731604493.261629,0
1731604493.373364,0
1731604493.480290,0
1731604493.601014,0
1731604493.706160,0
1731604493.841185,0
1731604493.954458,0
1731604494.065394,0
1731604494.175489,1
1731604494.326539,0
1731604494.438490,0
1731604494.562350,0
1731604494.669010,0
1731604494.776205,0
1731604494.883423,0
1731604494.989858,0
1731604495.096542,0
1731604495.202125,0
1731604495.308040,0
1731604495.418052,0
1731604495.522966,0
1731604495.633639,0
1731604495.820059,0
1731604495.933824,0
1731604496.044334,0
1731604496.152317,0
1731604496.265156,0
1731604496.376206,0
1731604496.484541,0
1731604496.595145,0
1731604496.747177,0
1731604496.858197,0
1731604496.965880,0
1731604497.074755,0
1731604497.187172,0
1731604497.299480,0
1731604497.409492,0
1731604497.518656,0
1731604497.650586,0
1731604497.760251,0
1731604497.870642,0
1731604497.980702,0
1731604498.091901,0
1731604498.224516,0
1731604498.333716,0
1731604498.444935,0
1731604498.552174,0
1731604498.660643,0
1731604498.765826,0
1731604498.913559,0
1731604499.020182,0
1731604499.131200,0
1731604499.237123,0
1731604499.369210,0
1731604499.476396,0
1731604499.582688,0
1731604499.736647,0
1731604499.848054,0
1731604499.959338,0
1731604500.136658,0
1731604500.245724,0
1731604500.352155,0
1731604500.458693,0
1731604500.566691,0
1731604500.676579,0
1731604500.784701,0
1731604500.896665,0
1731604501.007440,0
1731604501.118232,0
1731604501.228603,0
1731604501.340076,0
1731604501.446999,0
1731604501.553847,0
1731604501.662431,0
1731604501.769419,0
1731604501.880248,0
1731604501.987320,0
1731604502.093360,0
1731604502.214859,0
1731604502.320302,0
1731604502.429126,0
1731604502.556717,0
1731604502.668128,0
1731604502.774547,0
1731604502.977414,0
1731604503.086649,0
1731604503.193624,0
1731604503.306793,0
1731604503.415220,0
1731604503.523406,1
1731604503.631251,0
1731604503.737032,0
1731604503.847781,0
1731604503.953648,0
1731604504.059871,0
1731604504.170135,0
1731604504.279557,0
1731604504.403589,0
1731604504.511284,0
1731604504.620080,0
1731604504.729973,0
1731604504.841947,0
1731604504.948217,0
1731604505.054966,0
1731604505.164674,0
1731604505.272842,0
1731604505.381924,0
1731604505.494336,0
1731604505.605406,0
1731604505.755455,0
1731604505.864909,0
1731604505.987550,0
1731604506.094996,0
1731604506.206631,0
1731604506.313674,0
1731604506.421265,0
1731604506.528976,0
1731604506.637516,1
1731604506.749282,0
1731604506.856402,0
1731604506.964907,0
1731604507.074190,0
1731604507.183317,0
1731604507.293382,0
1731604507.404078,0
1731604507.515152,0
1731604507.625924,0
1731604507.735823,0
1731604507.844601,0
1731604507.995891,0
1731604508.105229,0
1731604508.216320,0
1731604508.325791,0
1731604508.436783,0
1731604508.547034,0
1731604508.657767,0
1731604508.768212,0
1731604508.878450,0
1731604508.985711,0
1731604509.096279,0
1731604509.208309,0
1731604509.319736,0
1731604509.430428,0
1731604509.541369,0
1731604509.661044,0
1731604509.767578,0
1731604509.874103,0
1731604509.980764,0
1731604510.092420,0
1731604510.202705,0
1731604510.313423,0
1731604510.424541,0
1731604510.535341,0
1731604510.642537,0
1731604510.752003,0
1731604510.861956,0
1731604510.970954,0
1731604511.078831,0
1731604511.186158,0
1731604511.297335,0
1731604511.407828,0
1731604511.515711,0
1731604511.627461,0
1731604511.738446,0
1731604511.848695,0
1731604511.958826,0
1731604512.067264,0
1731604512.174223,0
1731604512.282674,0
1731604512.392375,0
1731604512.502505,0
1731604512.609735,0
1731604512.717854,0
1731604512.824361,4
1731604512.934620,0
1731604513.044554,0
1731604513.151877,0
1731604513.259415,0
1731604513.365649,0
1731604513.474840,0
1731604513.581809,0
1731604513.688372,0
1731604513.795803,0
1731604513.903371,0
1731604514.013365,0
1731604514.124266,0
1731604514.234039,0
1731604514.345248,0
1731604514.455081,0
1731604514.606536,0
1731604514.718112,0
1731604514.827889,0
1731604514.934172,0
1731604515.045088,0
1731604515.151107,0
1731604515.257772,0
1731604515.370201,0
1731604515.480386,0
1731604515.664094,0
1731604515.800915,0
1731604515.907373,0
1731604516.047358,0
1731604516.156965,0
1731604516.267577,0
1731604516.377517,0
1731604516.488321,0
1731604516.596180,0
1731604516.705302,0
1731604516.818108,0
1731604516.928221,0
1731604517.040898,0
1731604517.150240,0
1731604517.259254,0
1731604517.371101,0
1731604517.480555,0
1731604517.589475,0
1731604517.697757,0
1731604517.806372,0
1731604517.914039,0
1731604518.023090,0
1731604518.129999,0
1731604518.238715,0
1731604518.377383,0
1731604518.485832,0
1731604518.596198,0
1731604518.704429,0
1731604518.815570,0
1731604518.926394,0
1731604519.033202,0
1731604519.139381,1
1731604519.248356,0
1731604519.354921,0
1731604519.463906,0
1731604519.571522,0
1731604519.680755,0
1731604519.788504,0
1731604519.894847,0
1731604520.003172,0
1731604520.136607,0
1731604520.247665,0
1731604520.358888,0
1731604520.469791,0
1731604520.577408,0
1731604520.710024,0
1731604520.816395,0
1731604520.923387,0
1731604521.050018,0
1731604521.157765,0
1731604521.265460,0
1731604521.374541,0
1731604521.483014,0
1731604521.592210,0
1731604521.702432,0
1731604521.809821,0
1731604521.918906,0
1731604522.027978,0
1731604522.147241,0
1731604522.256296,0
1731604522.367856,0
1731604522.517507,0
1731604522.625102,0
1731604522.737402,0
1731604522.850475,0
1731604522.959209,0
1731604523.068803,0
1731604523.176744,0
1731604523.288441,0
1731604523.401164,0
1731604523.511333,0
1731604523.651737,0
1731604523.758538,0
1731604523.865058,0
1731604523.971622,0
1731604524.078592,0
1731604524.184843,0
1731604524.292957,0
1731604524.405708,0
1731604524.520072,0
1731604524.630642,0
1731604524.737863,0
1731604524.845686,0
1731604524.955985,0
1731604525.109545,0
1731604525.217517,0
1731604525.327824,1
1731604525.435064,0
1731604525.550649,0
1731604525.660067,0
1731604525.771138,0
1731604525.881383,0
1731604525.993439,0
1731604526.104564,0
1731604526.212815,0
1731604526.324825,0
1731604526.436112,0
1731604526.546200,0
1731604526.655112,0
1731604526.772516,0
1731604526.892928,0
1731604527.000310,0
1731604527.108193,0
1731604527.214777,0
1731604527.321932,0
1731604527.429881,0
1731604527.537986,0
1731604527.651046,0
1731604527.760799,0
1731604527.869816,0
1731604528.017904,0
1731604528.128099,0
1731604528.235704,0
1731604528.349542,0
1731604528.454963,0
1731604528.597174,0
1731604528.703700,0
1731604528.813498,0
1731604528.923668,0
1731604529.033673,0
1731604529.141887,0
1731604529.252787,0
1731604529.378877,0
1731604529.486516,0
1731604529.596346,0
1731604529.706041,0
1731604529.816668,0
1731604529.926957,0
1731604530.037194,0
1731604530.146160,0
1731604530.257417,0
1731604530.368865,0
1731604530.480925,0
1731604530.594573,0
1731604530.700679,0
1731604530.806400,0
1731604530.911730,0
1731604531.020322,0
1731604531.130999,0
1731604531.238954,0
1731604531.389639,0
1731604531.498562,0
1731604531.610485,0
1731604531.716588,0
1731604531.824129,0
1731604531.931680,0
1731604532.043133,0
1731604532.155978,0
1731604532.265197,0
1731604532.376268,0
1731604532.487588,0
1731604532.599150,0
1731604532.709764,0
1731604532.821106,0
1731604532.930925,0
1731604533.040739,0
1731604533.149921,0
1731604533.257147,0
1731604533.366107,0
1731604533.473457,0
1731604533.581251,0
1731604533.690830,0
1731604533.801782,0
1731604533.912132,0
1731604534.023325,0
1731604534.135599,0
1731604534.243809,0
1731604534.354906,0
1731604534.466206,0
1731604534.587357,0
1731604534.693439,0
1731604534.799959,0
1731604534.905854,0
1731604535.012052,0
1731604535.119911,0
1731604535.227236,0
1731604535.337760,0
1731604535.450050,0
1731604535.561413,0
1731604535.671161,0
1731604535.781392,0
1731604535.891694,0
1731604536.001898,0
1731604536.112791,0
1731604536.226346,0
1731604536.337541,0
1731604536.448034,0
1731604536.558151,0
1731604536.666753,0
1731604536.776952,0
1731604536.887050,0
1731604536.996808,0
1731604537.107462,0
1731604537.217296,0
1731604537.326255,0
1731604537.436814,0
1731604537.548045,0
1731604537.657019,0
1731604537.765366,3
1731604537.876135,0
1731604537.987082,0
1731604538.097814,0
1731604538.208752,0
1731604538.317284,0
1731604538.429568,0
1731604538.541587,0
1731604538.650905,0
1731604538.761313,0
1731604538.873732,0
1731604538.984573,0
1731604539.094420,0
1731604539.205558,0
1731604539.313732,0
1731604539.425332,0
1731604539.536906,0
1731604539.645039,0
1731604539.755819,0
1731604539.863329,0
1731604539.974652,0
1731604540.085292,0
1731604540.197599,0
1731604540.308420,0
1731604540.418638,0
1731604540.529389,0
1731604540.635735,0
1731604540.746915,0
1731604540.854764,3
1731604540.967489,0
1731604541.079694,0
1731604541.188176,0
1731604541.299493,0
1731604541.410768,0
1731604541.523568,0
1731604541.633691,0
1731604541.743518,0
1731604541.852026,0
1731604541.964630,0
1731604542.075232,0
1731604542.186938,0
1731604542.293699,0
1731604542.403430,0
1731604542.514731,0
1731604542.624411,0
1731604542.734241,0
1731604542.845882,0
1731604542.958222,0
1731604543.069725,0
1731604543.180721,0
1731604543.290984,0
1731604543.398433,0
1731604543.509133,0
1731604543.622690,0
1731604543.732416,0
1731604543.842188,0
1731604543.949475,0
1731604544.059275,0
1731604544.172370,0
1731604544.279248,0
1731604544.391662,0
1731604544.503910,0
1731604544.616476,0
1731604544.726198,0
1731604544.836410,0
1731604544.946803,0
1731604545.057407,0
1731604545.168550,0
1731604545.276484,0
1731604545.386218,0
1731604545.498248,0
1731604545.608034,0
1731604545.713577,0
1731604545.821643,0
1731604545.929760,0
1731604546.040030,0
1731604546.150824,0
1731604546.264555,0
1731604546.371036,0
1731604546.477284,0
1731604546.590865,0
1731604546.701442,0
1731604546.813415,0
1731604546.924811,0
1731604547.048660,0
1731604547.154892,0
1731604547.264171,0
1731604547.371123,0
1731604547.477532,0
1731604547.587357,0
1731604547.694529,0
1731604547.804249,0
1731604547.912167,0
1731604548.020990,0
1731604548.130133,0
1731604548.238529,0
1731604548.345132,0
1731604548.451054,0
1731604548.557350,0
1731604548.667724,0
1731604548.777541,0
1731604548.890737,0
1731604549.001538,0
1731604549.112158,0
1731604549.223552,0
1731604549.332367,0
1731604549.444428,0
1731604549.554976,0
1731604549.662682,0
1731604549.773469,0
1731604549.881308,0
1731604549.993453,0
1731604550.105654,0
1731604550.211502,4
1731604550.322515,0
1731604550.434505,0
1731604550.545069,0
1731604550.656772,0
1731604550.766898,0
1731604550.878081,0
1731604550.988807,0
1731604551.100391,0
1731604551.211851,0
1731604551.323048,0
1731604551.432721,0
1731604551.541047,0
1731604551.649389,0
1731604551.762681,0
1731604551.871213,0
1731604551.980953,0
1731604552.094760,0
1731604552.206159,0
1731604552.316232,0
1731604552.425313,0
1731604552.536900,0
1731604552.644777,0
1731604552.757248,0
1731604552.869068,0
1731604552.979877,0
1731604553.089840,0
1731604553.200283,0
1731604553.307814,0
1731604553.416784,0
1731604553.528446,0
1731604553.636682,0
1731604553.749395,0
1731604553.857528,0
1731604553.966750,0
1731604554.075121,0
1731604554.185983,0
1731604554.296455,0
1731604554.404010,0
1731604554.515023,0
1731604554.624381,0
1731604554.735405,0
1731604554.846569,0
1731604554.956607,0
1731604555.067754,0
1731604555.177442,0
1731604555.288443,0
1731604555.394661,0
1731604555.507156,0
1731604555.617615,0
1731604555.729259,0
1731604555.838703,0
1731604555.950378,0
1731604556.060889,0
1731604556.172447,0
1731604556.282133,0
1731604556.400192,0
1731604556.511201,1
1731604556.622259,0
1731604556.729728,0
1731604556.839685,0
1731604556.950881,0
1731604557.063528,0
1731604557.175229,0
1731604557.285739,0
1731604557.392738,0
1731604557.503806,0
1731604557.616517,0
1731604557.726489,0
1731604557.838643,0
1731604557.949517,0
1731604558.060048,0
1731604558.170074,0
1731604558.279718,0
1731604558.387162,0
1731604558.499415,0
1731604558.610881,0
1731604558.719527,0
1731604558.829760,0
1731604558.940867,0
1731604559.050101,0
1731604559.162293,0
1731604559.273146,0
1731604559.382193,0
1731604559.497995,0
1731604559.604691,0
1731604559.710089,0
1731604559.815657,0
1731604559.922636,0
1731604560.031287,0
1731604560.141676,0
1731604560.253925,0
1731604560.361583,0
1731604560.473492,0
1731604560.585772,0
1731604560.695075,0
1731604560.807251,0
1731604560.918432,0
1731604561.029587,0
1731604561.138934,0
1731604561.250657,0
1731604561.361607,0
1731604561.472997,0
1731604561.582442,0
1731604561.692341,0
1731604561.803194,0
1731604561.914592,0
1731604562.025889,0
1731604562.131925,0
1731604562.266032,0
1731604562.374341,0
1731604562.483916,0
1731604562.596472,0
1731604562.709175,1
1731604562.819269,0
1731604562.932970,0
1731604563.046588,0
1731604563.158436,0
1731604563.270107,0
1731604563.380545,0
1731604563.488830,0
1731604563.600665,0
1731604563.709329,0
1731604563.821843,0
1731604563.932495,0
1731604564.043104,0
1731604564.152930,0
1731604564.261750,0
1731604564.373766,0
1731604564.481886,0
1731604564.594783,0
1731604564.703889,0
1731604564.814339,0
1731604564.924647,0
1731604565.036067,0
1731604565.145173,0
1731604565.256704,0
1731604565.366383,0
1731604565.476443,0
1731604565.587811,0
1731604565.698752,0
1731604565.805578,1
1731604565.916640,0
1731604566.031961,0
1731604566.140424,0
1731604566.250699,0
1731604566.361739,0
1731604566.472153,0
1731604566.583261,0
1731604566.689092,0
1731604566.800063,0
1731604566.912840,0
1731604567.024169,0
1731604567.133299,0
1731604567.244452,0
1731604567.355240,0
1731604567.463812,0
1731604567.575098,0
1731604567.686216,0
1731604567.797562,0
1731604567.905650,0
1731604568.018059,0
1731604568.129506,0
1731604568.240047,0
1731604568.350141,0
1731604568.458423,0
1731604568.569315,0
1731604568.679735,0
1731604568.791117,0
1731604568.897713,3
1731604569.006264,0
1731604569.117125,0
1731604569.226360,0
1731604569.335048,0
1731604569.445071,0
1731604569.553867,0
1731604569.664271,0
1731604569.775697,0
1731604569.885427,0
1731604569.996675,0
1731604570.106871,0
1731604570.218436,0
1731604570.328459,0
1731604570.438013,0
1731604570.547051,0
1731604570.656713,0
1731604570.769131,0
1731604570.875025,0
1731604570.987703,0
1731604571.096718,0
1731604571.208064,0
1731604571.318347,0
1731604571.429228,0
1731604571.536740,0
1731604571.649056,0
1731604571.762416,0
1731604571.872793,0
1731604571.980797,1
1731604572.091833,0
1731604572.203464,0
1731604572.312435,0
1731604572.424776,0
1731604572.533428,0
1731604572.644376,0
1731604572.755534,0
1731604572.866380,0
1731604572.977537,0
1731604573.087516,0
1731604573.199680,0
1731604573.310333,0
1731604573.417895,0
1731604573.527091,0
1731604573.636228,0
1731604573.747123,0
1731604573.857216,0
1731604573.968315,0
1731604574.079019,0
1731604574.190216,0
1731604574.297731,0
1731604574.410267,0
1731604574.522396,0
1731604574.631046,0
1731604574.743328,0
1731604574.852473,0
1731604574.964745,0
1731604575.086317,0
1731604575.196888,1
1731604575.308342,0
1731604575.415965,0
1731604575.525878,0
1731604575.635516,0
1731604575.741930,0
1731604575.848408,0
1731604575.958579,0
1731604576.069695,0
1731604576.179791,0
1731604576.291261,0
1731604576.401648,0
1731604576.511185,0
1731604576.623170,0
1731604576.733388,0
1731604576.844618,0
1731604576.953359,0
1731604577.064954,0
1731604577.173025,0
1731604577.284354,0
1731604577.396268,0
1731604577.510609,0
1731604577.627664,0
1731604577.735067,0
1731604577.843552,0
1731604577.954398,0
1731604578.066082,0
1731604578.177146,0
1731604578.286873,0
1731604578.399037,0
1731604578.511760,0
1731604578.623189,0
1731604578.730544,0
1731604578.841353,0
1731604578.952147,0
1731604579.063010,0
1731604579.180372,0
1731604579.294205,0
1731604579.410061,0
1731604579.522754,0
1731604579.633372,0
1731604579.742871,0
1731604579.856618,0
1731604579.965066,0
1731604580.076767,0
1731604580.187875,0
1731604580.297910,0
1731604580.408486,0
1731604580.517469,0
1731604580.628187,0
1731604580.739421,0
1731604580.845947,0
1731604580.954263,0
1731604581.065867,0
1731604581.177544,0
1731604581.301697,0
1731604581.408615,0
1731604581.518355,0
1731604581.626940,0
1731604581.733318,0
1731604581.841783,0
1731604581.952436,0
1731604582.064630,0
1731604582.175847,0
1731604582.286143,0
1731604582.395004,0
1731604582.506343,0
1731604582.621152,0
1731604582.729726,0
1731604582.839917,0
1731604582.948853,0
1731604583.057605,0
1731604583.166106,0
1731604583.276533,0
1731604583.387559,0
1731604583.499830,0
1731604583.611985,0
1731604583.722066,0
1731604583.831720,0
1731604583.942329,0
1731604584.051733,0
1731604584.162548,0
1731604584.273917,0
1731604584.384815,0
1731604584.492914,1
1731604584.603374,0
1731604584.716492,0
1731604584.831897,0
1731604584.944734,0
1731604585.058304,0
1731604585.175959,0
1731604585.286744,0
1731604585.398241,0
1731604585.512908,0
1731604585.621768,0
1731604585.732038,0
1731604585.839563,0
1731604585.949735,0
1731604586.060504,0
1731604586.171203,0
1731604586.282206,0
1731604586.392774,0
1731604586.502395,0
1731604586.610048,0
1731604586.722411,0
1731604586.833182,0
1731604586.944492,0
1731604587.059029,0
1731604587.173241,0
1731604587.285146,0
1731604587.395990,0
1731604587.516502,0
1731604587.626186,0
1731604587.735554,0
1731604587.843166,0
1731604587.954166,0
1731604588.065826,0
1731604588.177244,0
1731604588.290509,0
1731604588.400949,0
1731604588.510959,0
1731604588.620585,0
1731604588.730829,0
1731604588.840592,0
1731604588.951440,0
1731604589.060941,0
1731604589.172952,0
1731604589.284092,0
1731604589.393508,0
1731604589.503944,0
1731604589.614633,0
1731604589.725363,0
1731604589.837972,0
1731604589.947087,0
1731604590.059458,0
1731604590.175125,0
1731604590.289773,0
1731604590.405078,0
1731604590.517242,0
1731604590.626183,0
1731604590.736046,1
1731604590.852950,0
1731604590.962532,0
1731604591.074141,0
1731604591.181917,0
1731604591.292534,0
1731604591.406187,0
1731604591.514075,0
1731604591.622247,0
1731604591.733139,0
1731604591.841895,0
1731604591.953659,0
1731604592.064874,0
1731604592.176223,0
1731604592.288374,0
1731604592.398636,0
1731604592.513831,0
1731604592.625678,0
1731604592.739491,0
1731604592.849275,0
1731604592.960772,0
1731604593.071710,0
1731604593.183322,0
1731604593.294072,0
1731604593.406219,0
1731604593.520292,0
1731604593.633005,0
1731604593.744642,0
1731604593.855025,1
1731604593.967886,0
1731604594.078184,0
1731604594.186218,0
1731604594.296247,0
1731604594.406242,0
1731604594.517987,0
1731604594.626475,0
1731604594.737083,0
1731604594.847397,0
1731604594.958498,0
1731604595.068393,0
1731604595.179243,0
1731604595.291267,0
1731604595.402493,0
1731604595.513691,0
1731604595.623459,0
1731604595.730959,0
1731604595.841522,0
1731604595.950760,0
1731604596.062507,0
1731604596.173234,0
1731604596.284601,0
1731604596.395205,0
1731604596.505814,0
1731604596.616470,0
1731604596.727114,0
1731604596.837765,0
1731604596.946982,3
1731604597.057354,0
1731604597.168551,0
1731604597.285062,0
1731604597.396623,0
1731604597.508730,0
1731604597.619020,0
1731604597.732911,0
1731604597.840470,0
1731604597.954174,0
1731604598.063979,0
1731604598.174877,0
1731604598.288797,0
1731604598.401747,0
1731604598.517300,0
1731604598.625707,0
1731604598.735522,0
1731604598.844855,0
1731604598.954643,0
1731604599.064602,0
1731604599.172012,0
1731604599.283094,0
1731604599.395260,0
1731604599.506768,0
1731604599.618613,0
1731604599.729646,0
1731604599.839186,0
1731604599.949668,0
1731604600.059963,2
1731604600.169366,0
1731604600.280401,0
1731604600.398077,0
1731604600.511050,0
1731604600.620755,0
1731604600.731235,0
1731604600.840619,0
1731604600.951708,0
1731604601.062975,0
1731604601.174355,0
1731604601.284522,0
1731604601.395042,0
1731604601.505885,0
1731604601.618703,0
1731604601.732465,0
1731604601.842196,0
1731604601.954904,0
1731604602.064455,0
1731604602.175636,0
1731604602.287372,0
1731604602.399160,0
1731604602.509909,0
1731604602.620173,0
1731604602.729749,0
1731604602.839921,0
1731604602.950701,0
1731604603.061518,0
1731604603.169289,2
1731604603.279816,0
1731604603.388523,0
1731604603.502123,0
1731604603.613745,0
1731604603.722410,0
1731604603.833109,0
1731604603.944254,0
1731604604.053729,0
1731604604.164240,0
1731604604.275141,0
1731604604.386673,0
1731604604.497193,0
1731604604.608018,0
1731604604.718674,0
1731604604.827113,0
1731604604.937286,0
1731604605.049486,0
1731604605.161091,0
1731604605.276214,0
1731604605.387403,0
1731604605.499287,0
1731604605.612670,0
1731604605.721296,0
1731604605.831107,0
1731604605.941406,0
1731604606.053055,0
1731604606.163079,0
1731604606.272406,3
1731604606.382340,0
1731604606.493172,0
1731604606.610829,0
1731604606.719349,0
1731604606.829079,0
1731604606.941457,0
1731604607.053789,0
1731604607.164891,0
1731604607.276296,0
1731604607.387836,0
1731604607.498441,0
1731604607.609402,0
1731604607.718446,0
1731604607.828378,0
1731604607.937843,0
1731604608.047916,0
1731604608.160459,0
1731604608.270888,0
1731604608.381635,0
1731604608.490625,0
1731604608.601089,0
1731604608.711628,0
1731604608.822390,0
1731604608.933423,0
1731604609.043864,0
1731604609.155054,0
1731604609.265202,0
1731604609.373883,3
1731604609.484642,0
1731604609.595357,0
1731604609.704775,0
1731604609.816554,0
1731604609.927365,0
1731604610.038978,0
1731604610.149631,0
1731604610.261625,0
1731604610.375340,0
1731604610.487391,0
1731604610.597560,0
1731604610.706064,0
1731604610.816506,0
1731604610.928835,0
1731604611.040025,0
1731604611.151180,0
1731604611.262167,0
1731604611.371766,0
1731604611.480915,0
1731604611.590564,0
1731604611.701086,0
1731604611.811411,0
1731604611.919709,0
1731604612.029867,0
1731604612.141994,0
1731604612.253769,0
1731604612.365569,0
1731604612.474041,4
1731604612.585338,0
1731604612.696230,0
1731604612.806283,0
1731604612.917469,0
1731604613.027213,0
1731604613.138059,0
1731604613.248458,0
1731604613.358672,0
1731604613.472666,0
1731604613.581874,0
1731604613.692736,0
1731604613.805141,0
1731604613.913126,0
1731604614.022440,0
1731604614.136462,0
1731604614.246094,0
1731604614.359391,0
1731604614.472298,0
1731604614.584563,0
1731604614.696326,0
1731604614.807470,0
1731604614.916557,0
1731604615.026649,0
1731604615.136426,0
1731604615.247425,0
1731604615.357906,0
1731604615.469283,0
1731604615.578505,0
1731604615.688388,0
1731604615.798559,0
1731604615.906673,0
1731604616.017774,0
1731604616.127636,0
1731604616.238668,0
1731604616.351267,0
1731604616.462266,0
1731604616.574267,0
1731604616.685134,0
1731604616.798354,0
1731604616.912123,0
1731604617.023813,0
1731604617.133505,0
1731604617.245671,0
1731604617.355896,0
1731604617.465757,0
1731604617.576768,0
1731604617.688602,0
1731604617.798280,0
1731604617.910822,0
1731604618.021595,0
1731604618.132154,0
1731604618.246621,0
1731604618.358338,0
1731604618.470226,0
1731604618.580450,0
1731604618.688992,0
1731604618.799930,0
1731604618.910332,0
1731604619.019858,0
1731604619.135145,0
1731604619.242476,0
1731604619.350986,0
1731604619.461633,0
1731604619.573597,0
1731604619.682135,0
1731604619.793212,0
1731604619.902917,0
1731604620.012993,0
1731604620.120811,0
1731604620.233009,0
1731604620.344013,0
1731604620.456525,0
1731604620.568224,0
1731604620.679203,0
1731604620.788555,0
1731604620.899495,0
1731604621.015727,0
1731604621.131158,0
1731604621.240318,0
1731604621.355384,0
1731604621.469579,0
1731604621.580686,0
1731604621.693314,0
1731604621.807886,0
1731604621.920721,0
1731604622.031520,0
1731604622.142129,0
1731604622.252582,0
1731604622.363754,0
1731604622.473937,0
1731604622.584668,0
1731604622.695061,0
1731604622.804660,0
1731604622.914596,0
1731604623.024858,0
1731604623.138830,0
1731604623.247328,0
1731604623.357585,0
1731604623.468518,0
1731604623.578937,0
1731604623.689849,0
1731604623.801373,0
1731604623.915551,0
1731604624.028847,0
1731604624.140065,0
1731604624.251436,0
1731604624.362443,0
1731604624.478854,0
1731604624.590500,0
1731604624.702711,0
1731604624.813406,0
1731604624.922068,0
1731604625.031717,0
1731604625.142000,0
1731604625.252715,0
1731604625.363563,0
1731604625.475393,0
1731604625.586956,0
1731604625.698015,0
1731604625.809131,0
1731604625.919935,0
1731604626.031539,0
1731604626.146375,0
1731604626.258001,0
1731604626.369799,0
1731604626.479294,0
1731604626.594722,0
1731604626.700994,0
1731604626.809539,0
1731604626.919603,0
1731604627.029742,0
1731604627.140368,0
1731604627.251110,0
1731604627.362514,0
1731604627.473442,0
1731604627.583810,0
1731604627.695195,0
1731604627.805679,0
1731604627.915787,0
1731604628.024044,0
1731604628.133286,1
1731604628.244820,0
1731604628.354424,0
1731604628.466616,0
1731604628.577911,0
1731604628.688667,0
1731604628.799848,0
1731604628.914482,0
1731604629.027055,0
1731604629.136354,0
1731604629.248082,0
1731604629.359917,0
1731604629.470572,0
1731604629.581676,0
1731604629.693174,0
1731604629.808798,0
1731604629.925746,0
1731604630.039851,0
1731604630.151278,0
1731604630.260199,0
1731604630.368639,0
1731604630.478958,0
1731604630.586105,0
1731604630.698819,0
1731604630.811688,0
1731604630.921888,0
1731604631.030844,0
1731604631.139545,0
1731604631.246554,0
1731604631.358413,0
1731604631.470267,0
1731604631.582750,0
1731604631.694890,0
1731604631.803695,0
1731604631.913271,0
1731604632.022719,0
1731604632.134038,0
1731604632.248768,0
1731604632.358133,0
1731604632.467222,0
1731604632.579299,0
1731604632.689956,0
1731604632.801486,0
1731604632.911222,0
1731604633.021692,0
1731604633.129807,0
1731604633.242395,0
1731604633.351255,0
1731604633.460643,0
1731604633.571000,0
1731604633.681744,0
1731604633.791765,0
1731604633.901470,0
1731604634.012905,0
1731604634.120973,0
1731604634.247074,0
1731604634.354325,0
1731604634.462300,0
1731604634.570786,0
1731604634.678691,0
1731604634.786206,0
1731604634.894405,0
1731604635.006210,0
1731604635.118314,0
1731604635.232456,0
1731604635.342244,0
1731604635.452643,0
1731604635.561792,0
1731604635.669642,0
1731604635.779047,0
1731604635.886610,0
1731604635.998309,0
1731604636.110042,0
1731604636.222421,0
1731604636.333310,0
1731604636.444054,0
1731604636.552413,0
1731604636.662644,0
1731604636.774620,0
1731604636.882745,0
1731604636.993763,0
1731604637.105456,0
1731604637.215790,0
1731604637.326114,0
1731604637.434245,1
1731604637.547180,0
1731604637.660320,0
1731604637.768581,0
1731604637.874320,0
1731604637.984613,0
1731604638.096915,0
1731604638.206788,0
1731604638.316959,0
1731604638.430322,0
1731604638.540492,0
1731604638.649179,0
1731604638.757714,0
1731604638.868654,0
1731604638.977446,0
1731604639.086270,0
1731604639.199357,0
1731604639.311882,0
1731604639.418428,0
1731604639.526277,0
1731604639.633638,0
1731604639.744414,0
1731604639.854524,0
1731604639.965534,0
1731604640.073242,0
1731604640.184502,0
1731604640.299059,0
1731604640.408856,0
1731604640.516758,2
1731604640.625995,0
1731604640.738201,0
1731604640.845054,0
1731604640.952323,0
1731604641.058347,0
1731604641.165316,0
1731604641.270642,0
1731604641.378213,0
1731604641.488573,0
1731604641.599150,0
1731604641.708823,0
1731604641.819866,0
1731604641.930196,0
1731604642.040648,0
1731604642.150365,0
1731604642.260585,0
1731604642.373297,0
1731604642.485076,0
1731604642.596218,0
1731604642.705916,0
1731604642.817003,0
1731604642.926530,0
1731604643.037986,0
1731604643.144731,0
1731604643.256265,0
1731604643.367260,0
1731604643.477638,0
1731604643.604968,0
1731604643.715400,1
1731604643.825689,0
1731604643.932585,0
1731604644.039635,0
1731604644.146949,0
1731604644.260018,0
1731604644.372485,0
1731604644.483574,0
1731604644.593336,0
1731604644.699283,0
1731604644.811080,0
1731604644.919059,0
1731604645.027490,0
1731604645.136435,0
1731604645.248186,0
1731604645.357789,0
1731604645.469141,0
1731604645.579082,0
1731604645.688403,0
1731604645.799501,0
1731604645.909442,0
1731604646.020596,0
1731604646.128526,0
1731604646.240214,0
1731604646.349806,0
1731604646.460495,0
1731604646.571300,0
1731604646.681280,0
1731604646.790407,1
1731604646.901053,0
1731604647.016685,0
1731604647.123063,0
1731604647.232775,0
1731604647.343936,0
1731604647.454714,0
1731604647.564784,0
1731604647.674163,0
1731604647.785001,0
1731604647.894125,0
1731604648.003776,0
1731604648.115341,0
1731604648.227151,0
1731604648.339589,0
1731604648.450092,0
1731604648.559755,0
1731604648.669866,0
1731604648.776546,0
1731604648.887787,0
1731604648.997552,0
1731604649.107450,0
1731604649.219279,0
1731604649.329651,0
1731604649.440764,0
1731604649.552687,0
1731604649.662912,0
1731604649.772951,0
1731604649.879551,3
1731604649.990963,0
1731604650.103828,0
1731604650.212611,0
1731604650.324784,0
1731604650.436050,0
1731604650.553039,0
1731604650.665560,0
1731604650.777069,0
1731604650.888654,0
1731604650.996271,0
1731604651.103567,0
1731604651.210712,0
1731604651.336795,0
1731604651.442108,0
1731604651.547437,0
1731604651.654558,0
1731604651.760484,0
1731604651.868243,0
1731604651.978901,0
1731604652.089128,0
1731604652.201133,0
1731604652.313173,0
1731604652.423937,0
1731604652.533277,0
1731604652.644733,0
1731604652.755496,0
1731604652.865530,0
1731604652.973144,1
1731604653.096946,0
1731604653.218999,0
1731604653.346216,0
1731604653.455584,0
1731604653.564599,0
1731604653.671167,0
1731604653.778888,0
1731604653.886567,0
1731604653.996109,0
1731604654.106030,0
1731604654.217285,0
1731604654.329867,0
1731604654.440444,0
1731604654.551778,0
1731604654.661518,0
1731604654.772375,0
1731604654.883257,0
1731604654.992877,0
1731604655.103814,0
1731604655.213844,0
1731604655.325122,0
1731604655.434025,0
1731604655.543907,0
1731604655.654563,0
1731604655.766759,0
1731604655.876671,0
1731604655.984153,0
1731604656.094927,6
1731604656.206206,0
1731604656.317782,0
1731604656.427150,0
1731604656.538272,0
1731604656.649280,0
1731604656.759077,0
1731604656.867993,0
1731604656.977012,0
1731604657.090054,0
1731604657.201100,0
1731604657.312308,0
1731604657.420150,0
1731604657.529259,0
1731604657.641195,0
1731604657.752859,0
1731604657.864693,0
1731604657.972936,0
1731604658.083173,0
1731604658.193677,0
1731604658.302470,0
1731604658.411931,0
1731604658.521212,0
1731604658.635917,0
1731604658.745886,0
1731604658.855246,0
1731604658.965794,0
1731604659.074759,0
1731604659.181238,0
1731604659.286751,0
1731604659.397198,0
1731604659.506924,0
1731604659.614568,0
1731604659.726955,0
1731604659.838041,0
1731604659.948809,0
1731604660.060430,0
1731604660.173204,0
1731604660.283873,0
1731604660.394773,0
1731604660.506336,0
1731604660.613525,0
1731604660.725038,0
1731604660.835715,0
1731604660.946411,0
1731604661.056927,0
1731604661.167661,0
1731604661.277919,0
1731604661.384519,0
1731604661.494834,0
1731604661.605698,0
1731604661.716999,0
1731604661.829743,0
1731604661.939400,0
1731604662.047146,0
1731604662.158472,0
1731604662.282387,0
1731604662.389125,0
1731604662.496508,0
1731604662.604637,0
1731604662.712697,0
1731604662.822543,0
1731604662.932869,0
1731604663.042609,0
1731604663.153385,0
1731604663.263129,0
1731604663.373409,0
1731604663.484868,0
1731604663.595728,0
1731604663.705827,0
1731604663.815672,0
1731604663.926324,0
1731604664.037958,0
1731604664.149261,0
1731604664.258784,0
1731604664.369763,0
1731604664.481367,0
1731604664.592108,0
1731604664.702118,0
1731604664.812534,0
1731604664.922498,0
1731604665.032645,0
1731604665.143323,0
1731604665.253711,0
1731604665.364410,0
1731604665.471642,1
1731604665.582018,0
1731604665.696349,0
1731604665.804029,0
1731604665.913621,0
1731604666.025623,0
1731604666.136520,0
1731604666.246800,0
1731604666.357765,0
1731604666.466133,0
1731604666.577565,0
1731604666.688781,0
1731604666.799637,0
1731604666.910029,0
1731604667.020538,0
1731604667.130078,0
1731604667.238339,0
1731604667.350867,0
1731604667.461588,0
1731604667.571457,0
1731604667.681375,0
1731604667.788821,0
1731604667.902625,0
1731604668.010385,0
1731604668.119940,0
1731604668.233416,0
1731604668.345439,0
1731604668.459393,0
1731604668.569408,3
1731604668.679945,0
1731604668.789493,0
1731604668.897502,0
1731604669.008609,0
1731604669.116318,0
1731604669.229171,0
1731604669.337956,0
1731604669.449269,0
1731604669.558049,0
1731604669.668868,0
1731604669.778772,0
1731604669.889199,0
1731604670.000874,0
1731604670.112788,0
1731604670.222843,0
1731604670.333867,0
1731604670.442778,0
1731604670.552917,0
1731604670.664265,0
1731604670.772819,0
1731604670.881143,0
1731604670.994301,0
1731604671.105515,0
1731604671.218374,0
1731604671.328390,0
1731604671.438766,0
1731604671.548643,0
1731604671.655685,1
1731604671.765886,0
1731604671.876317,0
1731604671.987574,0
1731604672.098260,0
1731604672.207757,0
1731604672.320336,0
1731604672.430837,0
1731604672.546733,0
1731604672.657270,0
1731604672.770256,0
1731604672.879501,0
1731604672.992403,0
1731604673.102728,0
1731604673.214602,0
1731604673.325385,0
1731604673.436325,0
1731604673.545175,0
1731604673.654531,0
1731604673.766068,0
1731604673.875781,0
1731604673.986477,0
1731604674.093468,0
1731604674.205716,0
1731604674.315909,0
1731604674.426968,0
1731604674.537465,0
1731604674.647470,0
